pledge = 0.2293957215066508
brexit = 0.26760744333315567
tax = 0.17840496222210378
eu = 0.15291853904751754
bn = 0.1364668680368122
abolish = 0.12237481620082656
invest = 0.14017532746022437
cleanbreak = 0.12537097475826103
free = 0.11468890428563812
nhs = 0.11468890428563812
political = 0.11468890428563812
system = 0.11468890428563812
public = 0.08920248111105189
reduce = 0.08920248111105189
defence = 0.08920248111105189
people = 0.08920248111105189
jobs = 0.08920248111105189
new = 0.06379182960153613
introduce = 0.03857618064783541
investment = 0.05078468647812875
make = 0.05089023199933074
corporation = 0.01483637068311692
initiatives = 0.01483637068311692
