new = 0.25839722091928113
people = 0.21337346272880028
country = 0.13713188342270413
support = 0.1761799233540553
work = 0.12258759275665974
uk = 0.13702882927537635
make = 0.10962306342030108
ensure = 0.10962306342030108
also = 0.10766550871636713
help = 0.08103247656796153
get = 0.08103247656796153
brexit = 0.10570795401243317
done = 0.05384507545882703
want = 0.10375039930849923
every = 0.01416621927810172
government = 0.09200507108489554
trade = 0.013749565769922258
conservative = 0.0443967789648722
continue = 0.0900475163809616
nhs = 0.08417485226915976
need = 0.06976629665272883
tax = 0.06644409205021794
world = 0.06478298974896249
