green = 0.3518688641898941
new = 0.34638961573077115
deal = 0.14435645710354633
tax = 0.1504807347027121
people = 0.13344517983070694
climate = 0.09473392497420227
billion = 0.09323021187937368
including = 0.09323021187937368
local = 0.12208814324937019
party = 0.1121507362407005
carbon = 0.08120050712074482
income = 0.014281491195865583
uk = 0.09369555179602827
support = 0.09369555179602827
public = 0.08659740393269279
work = 0.012241278167884784
system = 0.08375814478735862
land = 0.025811001773064675
manifesto = 0.07807962649669022
government = 0.07807962649669022
energy = 0.06424946681406159
also = 0.05052887197644663
use = 0.037207683559420994
councils = 0.026457845601942764
