labour = 0.2852871642061284
people = 0.24514625667963794
public = 0.16199723394619348
rights = 0.12175820817161073
new = 0.15339561090480267
government = 0.14479398786341188
ensure = 0.13905957250248466
work = 0.10349447694586912
services = 0.13332515714155746
end = 0.09740656653728859
including = 0.09131865612870804
workers = 0.08827470092441778
climate = 0.031306843812162984
support = 0.10035226881622605
time = 0.09891866497599423
health = 0.09748506113576245
real = 0.09318424961506704
uk = 0.09175064577483526
social = 0.09031704193460345
care = 0.08458262657367624
local = 0.05544587951010966
