people = 0.20342902014828718
work = 0.14390255210593242
health = 0.17836892346335326
liberal = 0.16145295221637473
support = 0.1533088267784193
including = 0.11261938860464275
new = 0.14888645677519569
uk = 0.14593821010637995
plan = 0.1094910722545138
democrats = 0.14088436598596685
mental = 0.10479859772932033
services = 0.13561934676552478
local = 0.12972285342789328
ensure = 0.12235223675585387
climate = 0.08446454145348206
conservatives = 0.03179889058915752
rights = 0.014980227835319921
government = 0.0958180167365121
public = 0.09434389340210421
children = 0.014043963595612427
care = 0.07512420570971905
system = 0.07011592532907111
social = 0.05214380978936362
