people = 0.23771237974843226
work = 0.1667581251726958
health = 0.20842897064898772
liberal = 0.18182422386283775
support = 0.17914556154954317
including = 0.1305063588308054
new = 0.1739779011202294
uk = 0.1705327941673536
plan = 0.12688118219661637
democrats = 0.1646272389429058
mental = 0.12144341724533281
services = 0.15847491983228817
local = 0.1515847059265365
ensure = 0.14297193854434692
climate = 0.09787976912310406
conservatives = 0.048558565617584995
rights = 0.014980227835319921
government = 0.11196597596846448
public = 0.11024342249202657
children = 0.014043963595612427
care = 0.09003001423152127
system = 0.0840280132827532
social = 0.05214380978936362
