wales = 0.3951408757660227
welsh = 0.2679817795647931
cymru = 0.3126593996231587
plaid = 0.21317686337942637
people = 0.13332183752232885
new = 0.1084350945181608
eu = 0.1084350945181608
work = 0.08090979837113799
ensure = 0.10310222101726765
would = 0.0995469720166722
uk = 0.09421409851577907
support = 0.09065884951518363
government = 0.0888812250148859
health = 0.08532597601429047
services = 0.07821547801309958
access = 0.01117522456572592
public = 0.07110498001190872
brexit = 0.06399448201071785
also = 0.06221685751042013
westminster = 0.06485098444555203
us = 0.04867622729312079
