wales = 0.4584122879499241
welsh = 0.30835496638690163
cymru = 0.3685555929841437
plaid = 0.2512879043073707
people = 0.15591877044515082
new = 0.12681393329538931
eu = 0.12681393329538931
work = 0.09386537324688925
ensure = 0.12057718247758331
would = 0.11641934859904593
uk = 0.11018259778123991
support = 0.10602476390270256
government = 0.10394584696343388
health = 0.09978801308489652
services = 0.0914723453278218
access = 0.01117522456572592
public = 0.0831566775707471
brexit = 0.07484100981367238
also = 0.07276209287440372
westminster = 0.07509492737056465
us = 0.05831758534019149
