scotland = 0.2665251403620872
uk = 0.35128482775407827
snp = 0.2956663675705043
government = 0.2553570478673876
scottish = 0.16048825656211702
scotlands = 0.1489876995117561
mps = 0.1580781724893352
support = 0.13375845364482208
people = 0.11214092578303267
press = 0.08310999000538202
eu = 0.10268325734349978
westminster = 0.0925434927375992
work = 0.042818024902606285
deal = 0.012197647853390682
future = 0.07971463399034852
continue = 0.07836353849898668
poverty = 0.011630315395093441
rights = 0.011346649165944819
brexit = 0.075661347516263
tories = 0.036339501559324604
tax = 0.056313967017643796
new = 0.056313967017643796
also = 0.05516470238463065
would = 0.030536483109101342
ensure = 0.01997194372630459
