scotland = 0.30799207436473625
uk = 0.40924935915563065
snp = 0.3498733401318154
government = 0.2974928033862084
scottish = 0.18545759316586266
scotlands = 0.1778145288507193
mps = 0.1841622116200338
support = 0.15582956367849013
people = 0.13064498773045133
press = 0.10128342589298923
eu = 0.11962673575318435
westminster = 0.10681168508259672
work = 0.05262740713979208
deal = 0.012197647853390682
future = 0.09286812380839311
continue = 0.0912940878116407
poverty = 0.024477054557022676
rights = 0.011346649165944819
brexit = 0.08814601581813583
tories = 0.036339501559324604
tax = 0.06723805178178252
new = 0.06723805178178252
also = 0.06586584664337879
would = 0.030536483109101342
ensure = 0.01997194372630459
