ukip = 0.6388475696788559
uk = 0.26013135065055526
eu = 0.16703170936509334
beyond = 0.1347179585119748
brexit = 0.14512591141557293
billion = 0.10110846087501087
would = 0.12869656295343262
end = 0.08955320820358104
trade = 0.08955320820358104
government = 0.10679076500391216
must = 0.10405254026022208
children = 0.07510914236429378
policy = 0.05254315691419872
tax = 0.09036141654177181
local = 0.0794085175670116
service = 0.07667029282332154
foreign = 0.07667029282332154
national = 0.0739320680796315
people = 0.0739320680796315
system = 0.0739320680796315
civil = 0.02101824009237772
