new = 0.27989557316213537
people = 0.23112588995964206
country = 0.14736714919771815
support = 0.19083789079236507
work = 0.13173730004038445
uk = 0.14842947061628392
ensure = 0.11874357649302714
make = 0.11874357649302714
also = 0.11662315548422307
get = 0.08708058816228802
help = 0.08708058816228802
brexit = 0.11450273447541903
done = 0.026614865955418805
want = 0.11238231346661497
every = 0.013248544228917275
government = 0.09965978741379063
conservative = 0.0412711965496611
trade = 0.012858881163360886
continue = 0.09753936640498659
brexit done = 0.06758764937460036
nhs = 0.0792564187189825
need = 0.07741324619063407
tax = 0.0737269011339372
world = 0.059961916003149304
