green = 0.37069061599148373
new = 0.36770012598739404
green new = 0.1880055655803456
deal = 0.1520782014324036
new deal = 0.15837603891852575
tax = 0.1597385793223925
people = 0.1416549665689141
climate = 0.09980131969001485
including = 0.09821717175842733
billion = 0.09821717175842733
local = 0.12959922473326185
party = 0.1190504506270661
green party = 0.11437149039099162
carbon = 0.03835877031654199
income = 0.013108970091807061
uk = 0.09945987014413118
support = 0.09945987014413118
party manifesto = 0.06580753878799823
public = 0.09192503149684851
work = 0.011236260078691765
system = 0.07768045785312151
government = 0.07241398613426583
manifesto = 0.06030531512342384
land = 0.012686379982968512
