scotland = 0.2836266829726258
uk = 0.3768254524771465
snp = 0.32219466811994685
government = 0.27392311737761804
uk government = 0.20585206398020703
scottish = 0.17078595963943058
scotlands = 0.16368779043990547
mps = 0.1695714536147159
snp mps = 0.16906941192387365
support = 0.1434835376739904
people = 0.12029427906001212
press = 0.09329378111577269
eu = 0.11014897841639666
westminster = 0.09833955639175636
work = 0.011522072280090698
deal = 0.01126020700099773
future = 0.08551039113904477
continue = 0.08406106247567112
poverty = 0.022623096347630888
rights = 0.01047461116371882
brexit = 0.07072852419050893
tories = 0.023288562790103568
new = 0.06188745866669532
tax = 0.06188745866669532
also = 0.030329218865596735
