ukip = 0.588160598544421
uk = 0.23949220152110892
eu = 0.1537792030819752
beyond = 0.12405184745418761
brexit beyond = 0.1417254454323906
brexit = 0.13361143874335552
billion = 0.0931138812495951
would = 0.11848561548939072
end = 0.08247229482106996
trade = 0.08247229482106996
government = 0.09831785115077103
must = 0.09579688060844357
children = 0.012565619330550634
policy = 0.012082326279375612
ukip would = 0.08503526725943435
tax = 0.08319202789680626
local = 0.0731081457274964
service = 0.07058717518516895
foreign = 0.07058717518516895
system = 0.06806620464284148
national = 0.058781796010819135
people = 0.058781796010819135
