pledge = 0.2742452903293672
brexit = 0.3122826159785449
tax = 0.20818841065236326
eu = 0.17844720913059708
bn = 0.1534859814255319
abolish = 0.13939392958954627
invest = 0.16357660836971397
cleanbreak = 0.14026269897339078
free = 0.13383540684794779
nhs = 0.13383540684794779
political = 0.13383540684794779
system = 0.13383540684794779
public = 0.10409420532618163
reduce = 0.10409420532618163
defence = 0.10409420532618163
people = 0.10409420532618163
jobs = 0.10409420532618163
new = 0.07655616464307591
introduce = 0.03857618064783541
investment = 0.06354902151966854
make = 0.05089023199933074
corporation = 0.01483637068311692
initiatives = 0.029786226957355704
