new = 0.30169497108116344
people = 0.24912690793823344
country = 0.15878075850364531
support = 0.20570111664624782
work = 0.14194037502598594
uk = 0.15998975739152607
make = 0.12799180591322085
ensure = 0.12799180591322085
also = 0.12570623795048477
help = 0.09382499366124496
get = 0.09382499366124496
brexit = 0.12342066998774867
done = 0.0663095792933083
want = 0.12113510202501258
every = 0.01416621927810172
government = 0.10742169424859607
trade = 0.013749565769922258
conservative = 0.0443967789648722
continue = 0.10513612628585998
nhs = 0.09827942239765174
need = 0.08354285352241866
tax = 0.07956462240230348
world = 0.0775755068422459
