green = 0.4082428271948889
new = 0.4051727224539281
deal = 0.16748423679790317
tax = 0.17601765811523107
people = 0.1560911307814313
climate = 0.10991153039862393
billion = 0.10816690293197914
including = 0.10816690293197914
local = 0.14280677922556484
party = 0.13118297161418163
carbon = 0.09420988319882054
income = 0.014281491195865583
uk = 0.1095959003358986
support = 0.1095959003358986
public = 0.10129318061348203
work = 0.012241278167884784
system = 0.09797209272451542
land = 0.025811001773064675
manifesto = 0.09132991694658214
government = 0.09132991694658214
energy = 0.07701792852032109
also = 0.06305641931088991
use = 0.049494316522048054
councils = 0.026457845601942764
