labour = 0.3330000484485466
people = 0.2861457702748817
public = 0.18909047977229024
rights = 0.14093926716353763
new = 0.17905027730650488
government = 0.1690100748407196
ensure = 0.16231660653019603
work = 0.11979837708900698
services = 0.15562313821967247
end = 0.1127514137308301
including = 0.10570445037265322
workers = 0.10218096869356477
climate = 0.0449733483439109
support = 0.1171356954341621
time = 0.11546232835653118
health = 0.1137889612789003
real = 0.10876886004600764
uk = 0.10709549296837677
social = 0.10542212589074589
care = 0.09872865758022233
local = 0.05544587951010966
