pledge = 0.20626896719970977
brexit = 0.2346820100365232
tax = 0.16763000716894513
invest = 0.15645467335768212
eu = 0.1452793395464191
pledge to = 0.14135887568872427
bn = 0.11532491054349027
abolish = 0.10482165140805387
brexit party = 0.1256523339455327
system = 0.1117533381126301
nhs = 0.1117533381126301
people = 0.1117533381126301
cleanbreak = 0.10540128005809239
cleanbreak brexit = 0.10994579220234113
political = 0.10057800430136707
free = 0.10057800430136707
to = 0.10057800430136707
jobs = 0.08940267049010409
party = 0.08940267049010409
defence = 0.03372682064014208
public = 0.011101208369426756
reduce = 0.011078594045976716
corporation = 0.011155947146568066
initiatives = 0.011251898700300791
