pledge = 0.20955660629201786
brexit = 0.23842918987804093
tax = 0.17030656419860066
invest = 0.15895279325202732
eu = 0.14759902230545394
bn = 0.1171667728997428
brexit party = 0.12765863128688873
abolish = 0.10649179808768569
nhs = 0.1135377094657338
system = 0.1135377094657338
people = 0.1135377094657338
cleanbreak = 0.10708343199580996
cleanbreak brexit = 0.11170130237602764
free = 0.1021839385191604
political = 0.1021839385191604
party = 0.09083016757258702
jobs = 0.09083016757258702
reduce = 0.06818826890421752
public = 0.06818826890421752
defence = 0.05679919919668108
corporation = 0.011332192606323562
corporation tax = 0.011332192606323562
initiatives = 0.02276572124043364
