pledge = 0.21681525488171413
brexit = 0.24669406165889823
tax = 0.16446270777259883
eu = 0.14096803523365614
abolish = 0.11017331268408717
bn = 0.12122586092575618
invest = 0.1292206989641848
cleanbreak = 0.11079355337590148
cleanbreak brexit = 0.11557329867968856
free = 0.1057260264252421
system = 0.1057260264252421
political = 0.1057260264252421
nhs = 0.1057260264252421
brexit party = 0.08255235619977752
people = 0.07056495895860244
defence = 0.08223135388629942
jobs = 0.08223135388629942
public = 0.07056495895860244
reduce = 0.08223135388629942
new = 0.03017859018921553
introduce = 0.020201401153580094
initiatives = 0.023546256217201997
corporation = 0.011711936434491543
corporation tax = 0.011711936434491543
