new = 0.2706537001994833
people = 0.23169597062531527
country = 0.15327240415133833
support = 0.18658702059206805
work = 0.12952597533915916
uk = 0.14967969783759308
get = 0.09498571524871671
make = 0.11687318872250417
ensure = 0.11482278190281112
also = 0.11277237508311803
brexit = 0.11277237508311803
done = 0.014648660833868454
help = 0.014648660833868454
want = 0.10867156144373194
every = 0.01314623408167682
government = 0.10046993416495972
need = 0.0963691205255736
trade = 0.012395020705581001
brexit done = 0.06735387227422147
conservative = 0.03989400760884067
continue = 0.08202534010981821
nhs = 0.08024218054221345
world = 0.07845902097460873
tax = 0.07489270183939922
system = 0.024007990016138594
services = 0.04753031332495299
