new = 0.27140646513192
people = 0.2323403830295982
country = 0.1537029862939904
support = 0.1871059721742782
work = 0.12988984757238628
uk = 0.15009599965628911
get = 0.09525255488641661
make = 0.11719824630696547
ensure = 0.11514213672263274
also = 0.11308602713830003
brexit = 0.11308602713830003
done = 0.014697567362293096
help = 0.014697567362293096
want = 0.10897380796963456
every = 0.013190124555904062
government = 0.10074936963230365
need = 0.09663715046363817
brexit done = 0.0675454366204512
conservative = 0.04000546782364389
trade = 0.012436403152709543
continue = 0.0822466241986889
nhs = 0.08045865410741306
world = 0.07867068401613721
tax = 0.07509474383358551
system = 0.03598920439606982
services = 0.03574398136356286
