green = 0.35057036117031226
new = 0.33341543588289235
deal = 0.14327658239134503
new deal = 0.14731448433311137
green new = 0.16223315599720825
billion = 0.1173648600439741
tax = 0.15076176231226435
green party = 0.14465594381001598
people = 0.140614336002785
climate = 0.09602579458143334
including = 0.09450157561982331
local = 0.12611801270352885
party = 0.11597058639404949
carbon = 0.014478234380666056
now = 0.043248891701456196
income = 0.01292699498273755
uk = 0.0985749984349421
when = 0.08204142898783037
now when = 0.09575815998691202
support = 0.09567573377509084
public = 0.07847210184122876
system = 0.07847210184122876
manifesto = 0.024673627363919284
party manifesto = 0.03886697330651946
