green = 0.3566312741635696
new = 0.33919353383430717
deal = 0.14575365117989367
green new = 0.16505648911720497
new deal = 0.14985665722933314
billion = 0.11939394830693416
tax = 0.15337446747290412
green party = 0.14716283498131205
people = 0.1430511860083817
climate = 0.09768595770567341
including = 0.09613538694844051
local = 0.12830364105906403
party = 0.11798035959454165
carbon = 0.02691574951178653
income = 0.013140108625944225
uk = 0.10028330565536038
support = 0.09733379666549684
public = 0.09143477868576975
system = 0.09143477868576975
party manifesto = 0.06443701872916363
manifesto = 0.07469057791341356
government = 0.06221843509333212
energy = 0.012036099000305861
land = 0.012995757706026683
