labour = 0.3488630991605101
people = 0.25465534242518245
rights = 0.13178997365880632
public = 0.1707515590827813
new = 0.15897558949086535
government = 0.15455960089389684
work = 0.11318433031873955
ensure = 0.1427836313019809
services = 0.13983963890400192
labour government = 0.1213051601370008
end = 0.07182722799542471
including = 0.01632089837733852
workers = 0.01632089837733852
climate = 0.015776868431427234
change = 0.11775969591915951
real change = 0.09548917974843114
support = 0.10451173012825406
health = 0.10303973392926456
uk = 0.10303973392926456
time = 0.10009574153128557
time real = 0.08445074322762092
social = 0.08437805015529488
real = 0.08309959484991165
care = 0.04108755947036737
