labour = 0.34556616403028295
people = 0.25224871889130357
rights = 0.13053543920450938
public = 0.16913786931440009
new = 0.15747318867202761
government = 0.15309893343113798
work = 0.11210690661093158
ensure = 0.1414342527887656
services = 0.13851808262817247
end = 0.044308242689947284
labour government = 0.10664565810166653
workers = 0.016144509941896756
including = 0.016144509941896756
climate = 0.015606359610500196
change = 0.11664680642372419
real change = 0.0945471951305847
its = 0.04546141291743352
support = 0.10352404070105521
uk = 0.10206595562075867
health = 0.10206595562075867
time = 0.08613124009612451
its time = 0.04257294181810077
time real = 0.08366998934764595
social = 0.08359796832859144
real = 0.06883470458860894
care = 0.02717799065833657
