labour = 0.3101193177665185
people = 0.2664844388847973
public = 0.17609790405837483
rights = 0.13129583305562773
new = 0.16674757286943456
government = 0.1573972416804943
ensure = 0.15116368755453413
work = 0.11160145809728357
services = 0.14493013342857397
end = 0.10503666644450217
labour government = 0.1243937599948433
including = 0.09847187479172079
workers = 0.016648461898296073
climate = 0.016361419451773728
support = 0.109087197204303
time = 0.10752880867281293
time real = 0.10732277458837367
health = 0.1059704201413229
real = 0.10129525454685277
uk = 0.09973686601536273
social = 0.08531179440039903
care = 0.07989517253370702
