people = 0.23540231045854365
liberal = 0.20700534275620822
work = 0.1462229144258336
health = 0.18715214744530181
uk = 0.16229600286272267
democrats = 0.16028744863333694
liberal democrats = 0.16028744863333694
support = 0.15790962440697337
new = 0.15352324595122413
including = 0.11389995439485988
plan = 0.11082157724905284
services = 0.1447504890397256
mental = 0.10774320010324581
local = 0.13159135367247782
ensure = 0.12720497521672855
mental health = 0.033214999561354305
climate = 0.015493060727826592
conservatives = 0.04819385973002418
government = 0.1081973352418151
children = 0.013623208571019934
care = 0.08650054486274554
public = 0.0852284780265287
system = 0.08141227751787816
future = 0.0383581900131574
