people = 0.2336437944721889
liberal = 0.20545497261605541
work = 0.14511249871250181
health = 0.18575407262385202
uk = 0.1610836098534967
liberal democrats = 0.15909006004235543
democrats = 0.15909006004235543
support = 0.1567299987763752
new = 0.15237638769925363
including = 0.11303499899710669
plan = 0.10997999902421192
services = 0.1436691655450106
mental = 0.10692499905131715
local = 0.13060833231364596
will = 0.08434655503342557
ensure = 0.12625472123652443
mental health = 0.03293642019927562
climate = 0.015339034282189652
conservatives = 0.04780809957744335
government = 0.10738907323566448
care = 0.08588630371309657
public = 0.0846232698349628
system = 0.05403757211563604
