people = 0.22103573441722632
work = 0.15510723432152645
health = 0.1938066946701767
liberal = 0.16908400183413397
support = 0.16657765492312707
including = 0.12138827033858589
new = 0.16177253026188304
uk = 0.15856911382105365
plan = 0.11801637394029185
democrats = 0.1530778611670744
mental = 0.11295852934285078
services = 0.14735715627815088
local = 0.14095032339649213
ensure = 0.13294178229441872
mental health = 0.07243492424136162
climate = 0.015768071817323617
liberal democrats = 0.11030610584098009
conservatives = 0.04522021479275327
rights = 0.014016063837620992
government = 0.10411103432695441
public = 0.08921259962858168
care = 0.08363681215179535
system = 0.07806102467500899
