wales = 0.421648604342034
welsh = 0.27366516328971663
cymru = 0.3103443940689073
plaid = 0.3103443940689073
plaid cymru = 0.2985889245966002
people = 0.13315274895322796
eu = 0.11738466026139831
new = 0.1086246109881596
work = 0.07917419208169199
ensure = 0.10161657156956869
would = 0.09811255186027322
government = 0.09285652229633001
uk = 0.09285652229633001
support = 0.08935250258703453
health = 0.08584848287773907
services = 0.08059245331379586
access = 0.009590440915117503
public = 0.0735844138952049
westminster = 0.07639549187817006
brexit = 0.07008039418590943
also = 0.053616192671705906
