wales = 0.4213279044198976
welsh = 0.27345796491861446
cymru = 0.3101111137425953
plaid = 0.3101111137425953
plaid cymru = 0.2983644806462849
people = 0.13305186095083305
eu = 0.11729571952244493
new = 0.10854230761778486
work = 0.07911397331902008
ensure = 0.10153957809405678
would = 0.09803821333219277
government = 0.09278616618939672
uk = 0.09278616618939672
support = 0.0892848014275327
health = 0.08578343666566868
services = 0.08053138952287264
access = 0.009582600686475875
public = 0.07352865999914458
westminster = 0.07633702930143357
brexit = 0.07002729523728056
also = 0.053576029270810635
