wales = 0.4236386383428984
welsh = 0.28497505852993127
cymru = 0.34031205073098203
plaid = 0.23203094368021498
plaid cymru = 0.22171845729442766
people = 0.14398747920700264
new = 0.11710981642169549
eu = 0.11710981642169549
work = 0.08674505451783157
ensure = 0.11135031725341536
would = 0.10751065114122862
uk = 0.10175115197294853
support = 0.0979114858607618
government = 0.09599165280466841
health = 0.09215198669248169
services = 0.08447265446810821
access = 0.010476235256354207
public = 0.07679332224373474
brexit = 0.06911399001936126
also = 0.0671941569632679
westminster = 0.061183698827545485
