scotland = 0.34993857275495815
snp = 0.34875359074055795
uk = 0.35138923072946543
government = 0.25821784379362234
uk government = 0.19193066389200605
snp mps = 0.21138931536568678
scottish = 0.15677248059422125
scotlands = 0.16010753950745932
mps = 0.15572931816419494
support = 0.13443300115028795
people = 0.11579872376311931
eu = 0.10914362469627337
press = 0.08563862768456942
westminster = 0.09457441184039217
work = 0.011197964219658133
rights = 0.011197964219658133
deal = 0.011197964219658133
future = 0.08651628786899719
brexit = 0.085185268055628
poverty = 0.022696908809695483
continue = 0.06736698452297642
tories = 0.021435192800483234
tax = 0.05923648639089306
new = 0.05691348692458353
also = 0.027892460252835087
