scotland = 0.3502743469291466
snp = 0.3490852460106571
uk = 0.35172374967541276
government = 0.25846366453420483
uk government = 0.19211387635578378
snp mps = 0.21159055582719402
scottish = 0.1569229074242577
scotlands = 0.1602604393545872
mps = 0.15587757087887613
support = 0.13456097998945718
people = 0.11590896296121558
eu = 0.10924752830827213
press = 0.08572072228281986
westminster = 0.09466443951695988
work = 0.011210342512137105
rights = 0.011210342512137105
deal = 0.011210342512137105
future = 0.08659865048826451
brexit = 0.08526636355767582
poverty = 0.022720042260308985
continue = 0.06742960879173325
tories = 0.021455443209999092
tax = 0.05929155255824821
new = 0.05696639363439534
also = 0.027917991596239155
