ukip = 0.6094115027145557
uk = 0.23141642595506262
beyond = 0.12748077388739326
brexit beyond = 0.15406470574244382
eu = 0.15346562984388362
brexit = 0.13397793081608886
billion = 0.08997591161354564
would = 0.11449023178829411
trade = 0.08226369061809888
end = 0.07969295028628329
government = 0.09743849513897374
must = 0.09256657038202502
children = 0.03948576996033894
policy = 0.011679532157969321
ukip would = 0.08216784306263672
tax = 0.0803867584896533
service = 0.07307887135423029
local = 0.07064290897575595
system = 0.06577098421880727
foreign = 0.06577098421880727
civil = 0.018721466741423505
people = 0.04559563260240578
national = 0.018222359023766576
