ukip = 0.6087284591423374
uk = 0.23115704866804018
beyond = 0.12733639544749745
brexit beyond = 0.1538920261876696
eu = 0.1532936217482793
brexit = 0.13382776501833907
billion = 0.0898738364971869
would = 0.11436190828839884
trade = 0.08217036479742802
end = 0.07960254089750839
government = 0.09732928364970116
must = 0.09246281946721609
children = 0.057663515212886284
policy = 0.011663401310623213
ukip would = 0.08207574730009044
tax = 0.08029665901100345
service = 0.07299696273727585
local = 0.07056373064603333
foreign = 0.06569726646354827
system = 0.06569726646354827
civil = 0.018701479568750307
people = 0.018215435060332512
national = 0.027309393303695886
